0.007
0.007
0.008
0.009
0.009
0.01
0.01
0.011
0.015
0.024
0.028
0.034
0.03
0.032
0.041
0.037
0.034
0.036
0.045
0.048
0.048
0.039
0.051
0.066
0.058
0.054
0.041
0.041
0.054
0.048
0.056
0.05
0.055
0.046
0.039
0.057
0.049
0.053
0.042
0.046
0.043
0.052
0.072
0.065
0.062
0.051
0.051
0.057
0.045
0.058
0.059
0.047
0.044
0.055
0.061
0.089
0.107
0.129
0.134
0.108
0.102
0.103
0.121
0.175
0.274
0.28
0.26
0.27
0.26
0.252
0.293
0.232
0.215
0.204
0.137
0.2
0.258
0.24
0.166
0.089
0.112
0.231
0.307
0.33
0.244
0.141
0.32
0.371
0.307
0.456
0.623
0.6
0.545
0.545
0.509
0.548
0.492
0.531
0.413
0.485
0.403
0.445
0.484
0.631
0.61
0.58
0.575
0.645
0.613
0.484
0.495
0.507
0.588
0.707
0.747
0.707
0.644
0.663
0.71
0.691
0.689
0.722
0.673
0.695
0.765
0.675
0.569
0.623
0.749
0.83
0.813
0.673
0.642
0.768
0.759
0.712
0.778
0.844
0.847
0.736
0.695
0.773
0.758
0.646
0.603
0.604
0.618
0.654
0.646
0.682
0.852
1.049
1.111
1.108
1.05
0.965
0.914
0.913
0.952
1.043
1.144
1.137
1.006
0.968
0.921
0.905
0.94
0.982
0.765
0.866
0.916
0.937
0.992
0.936
0.995
0.985
0.719
0.967
0.919
0.902
0.948
0.865
1.119
0.993
0.871
1.115
1.133
1.058
0.938
0.891
0.627
1.136
0.979
0.894
1.175
0.958
1.015
1.263
1.249
1.214
1.088
1.331
1.075
1.307
1.065
0.838
0.878
1.141
1.101
1.291
1.341
1
1.289
1.096
0.733
0.684
1.027
0.954
1.071
0.966
0.912
1.227
1.223
1.398
0.955
0.489
1.101
1.378
0.65
1.04
1.538
1.655
1.649
1.796
1.803
1.658
1.602
1.672
1.624
1.545
1.824
1.706
1.502
1.819
1.791
1.758
1.739
1.736
1.844
1.667
1.686
1.703
1.76
1.799
1.584
1.713
1.77
1.697
1.7
1.571
1.589
1.477
1.136
1.688
1.648
1.733
1.672
1.725
1.931
1.808
1.569
1.827
1.715
1.933
1.982
1.911
1.975
1.823
1.893
2.079
1.975
2.029
2.146
2.111
1.943
1.972
1.981
2.036
2.079
2.102
1.973
2.011
2.042
2.057
2.106
2.042
1.978
2.044
1.923
2.017
1.996
1.992
1.879
2.02
2.043
1.993
2.053
2.018
1.958
2.077
2.011
2.078
2.037
2.092
2.025
2.021
1.971
1.832
1.627
1.832
1.916
1.962
2.009
1.898
1.898
1.89
2.06
1.928
2.019
2.02
1.868
1.972
1.859
1.814
1.896
1.936
1.871
1.995
1.963
1.908
1.921
1.918
1.949
1.999
1.869
1.863
1.876
1.902
1.671
1.728
1.656
1.83
1.833
1.908
1.825
1.896
1.96
1.932
1.676
1.83
1.899
1.92
1.954
1.965
1.773
1.925
1.86
1.992
1.873
1.884
1.906
1.834
1.772
1.883
1.827
1.881
1.881
1.903
1.881
1.835
1.865
1.897
1.864
1.873
1.848
1.884
1.9
1.899
1.823
1.848
1.789
1.81
1.845
1.826
1.852
1.863
1.856
1.8
1.831
1.889
1.812
1.862
1.772
1.825
1.894
1.878
1.869
1.832
1.848
1.859
1.786
1.83
1.84
1.855
1.875
1.859
1.862
1.786
1.832
1.85
1.752
1.614
1.815
1.789
1.81
1.798
1.776
1.785
1.807
1.783
1.76
1.777
1.748
1.753
1.721
1.789
1.779
1.766
1.762
1.76
1.745
1.746
1.705
1.748
1.707
1.685
1.715
1.715
1.611
1.709
1.726
1.709
1.736
1.692
1.715
1.668
1.658
1.634
1.699
1.699
1.699
1.679
1.641
1.653
1.658
1.656
1.653
1.616
1.623
1.629
1.605
1.56
1.608
1.601
1.534
1.386
1.551
1.573
1.557
1.562
1.537
1.548
1.518
1.523
1.512
1.51
1.5
1.494
1.481
1.457
1.469
1.463
1.45
1.45
1.438
1.418
1.427
1.388
1.39
1.417
1.402
1.386
1.387
1.375
1.368
1.355
1.329
1.332
1.349
1.351
1.347
1.32
1.327
1.319
1.31
1.308
1.279
1.259
1.287
1.28
1.284
1.271
1.263
1.26
1.256
1.249
1.241
1.238
1.242
1.222
1.186
1.204
1.205
1.209
1.189
1.197
1.188
1.188
1.177
1.181
1.178
1.175
1.159
1.144
1.135
1.153
1.136
1.143
1.13
1.116
1.121
1.096
1.115
1.116
1.108
1.105
1.065
1.081
1.074
1.076
1.077
1.073
1.069
1.034
1.053
1.052
1.042
1.045
1.028
1.033
1.025
0.971
1.003
0.973
0.877
1.011
0.997
0.997
0.999
0.97
0.88
0.967
0.986
0.978
0.981
0.984
0.959
0.96
0.948
0.963
0.947
0.949
0.944
0.934
0.936
0.939
0.912
0.905
0.905
0.893
0.891
0.861
0.87
0.876
0.866
0.859
0.858
0.83
0.821
0.825
0.828
0.833
0.826
0.832
0.818
0.802
0.808
0.8
0.784
0.799
0.793
0.777
0.778
0.771
0.76
0.774
0.771
0.767
0.767
0.764
0.757
0.776
0.763
0.764
0.75
0.768
0.768
0.762
0.766
0.771
0.756
0.767
0.764
0.755
0.756
0.743
0.743
0.745
0.737
0.734
0.721
0.704
0.708
0.688
0.692
0.681
0.685
0.661
0.65
0.642
0.643
0.638
0.63
0.62
0.614
0.612
0.599
0.608
0.601
0.603
0.589
0.579
0.569
0.566
0.563
0.557
0.556
0.545
0.554
0.54
0.53
0.533
0.525
0.514
0.512
0.511
0.502
0.496
0.494
0.489
0.5
0.481
0.481
0.484
0.477
0.477
0.466
0.474
0.463
0.444
0.438
0.439
0.453
0.435
0.437
0.442
0.438
0.438
0.429
0.419
0.416
0.416
0.411
0.405
0.4
0.398
0.394
0.387
0.382
0.378
0.37
0.369
0.368
0.364
0.364
0.358
0.357
0.353
0.35
0.346
0.344
0.343
0.348
0.337
0.331
0.327
0.318
0.323
0.307
0.317
0.311
0.311
0.307
0.303
0.298
0.303
0.3
0.296
0.295
0.29
0.29
0.286
0.29
0.282
0.274
0.275
0.274
0.273
0.272
0.269
0.263
0.26
0.259
0.255
0.252
0.246
0.246
0.247
0.242
0.244
0.243
0.24
0.244
0.241
0.237
0.234
0.235
0.234
0.234
0.233
0.229
0.228
0.22
0.221
0.219
0.219
0.214
0.217
0.212
0.203
0.212
0.205
0.196
0.19
0.189
0.191
0.185
0.187
0.189
0.184
0.182
0.177
0.173
0.171
0.17
0.169
0.173
0.169
