200.5
201.5
202.5
203.5
204.5
205.5
206.5
207.5
208.5
209.5
210.5
211.5
212.5
213.5
214.5
215.5
216.5
217.5
218.5
219.5
220.5
221.5
222.5
223.5
224.5
225.5
226.5
227.5
228.5
229.5
230.5
231.5
232.5
233.5
234.5
235.5
236.5
237.5
238.5
239.5
240.5
241.5
242.5
243.5
244.5
245.5
246.5
247.5
248.5
249.5
250.5
251.5
252.5
253.5
254.5
255.5
256.5
257.5
258.5
259.5
260.5
261.5
262.5
263.5
264.5
265.5
266.5
267.5
268.5
269.5
270.5
271.5
272.5
273.5
274.5
275.5
276.5
277.5
278.5
279.5
280.5
281.5
282.5
283.5
284.5
285.5
286.5
287.5
288.5
289.5
290.5
291.5
292.5
293.5
294.5
295.5
296.5
297.5
298.5
299.5
300.5
301.5
302.5
303.5
304.5
305.5
306.5
307.5
308.5
309.5
310
310.4
310.8
311.2
311.6
312
312.4
312.8
313.2
313.6
314
314.4
314.8
315.2
315.6
316
316.4
316.8
317.2
317.6
318
318.4
318.8
319.2
319.6
320
320.4
320.8
321.2
321.6
322
322.4
322.8
323.2
323.6
324
324.4
324.8
325.2
325.6
326
326.4
326.8
327.2
327.6
328
328.4
328.8
329.2
329.6
330
330.4
330.5
331.5
332.5
333.5
334.5
335.5
336.5
337.5
338.5
339.5
340.5
341.5
342.5
343.5
344.5
345.5
346.5
347.5
348.5
349.5
350.5
351.5
352.5
353.5
354.5
355.5
356.5
357.5
358.5
359.5
360.5
361.5
362.5
363.5
364.5
365.5
366.5
367.5
368.5
369.5
370.5
371.5
372.5
373.5
374.5
375.5
376.5
377.5
378.5
379.5
380.5
381.5
382.5
383.5
384.5
385.5
386.5
387.5
388.5
389.5
390.5
391.5
392.5
393.5
394.5
395.5
396.5
397.5
398.5
399.5
400.5
401.5
402.5
403.5
404.5
405.5
406.5
407.5
408.5
409.5
410.5
411.5
412.5
413.5
414.5
415.5
416.5
417.5
418.5
419.5
420.5
421.5
422.5
423.5
424.5
425.5
426.5
427.5
428.5
429.5
430.5
431.5
432.5
433.5
434.5
435.5
436.5
437.5
438.5
439.5
440.5
441.5
442.5
443.5
444.5
445.5
446.5
447.5
448.5
449.5
450.5
451.5
452.5
453.5
454.5
455.5
456.5
457.5
458.5
459.5
460.5
461.5
462.5
463.5
464.5
465.5
466.5
467.5
468.5
469.5
470.5
471.5
472.5
473.5
474.5
475.5
476.5
477.5
478.5
479.5
480.5
481.5
482.5
483.5
484.5
485.5
486.5
487.5
488.5
489.5
490.5
491.5
492.5
493.5
494.5
495.5
496.5
497.5
498.5
499.5
500.5
501.5
502.5
503.5
504.5
505.5
506.5
507.5
508.5
509.5
510.5
511.5
512.5
513.5
514.5
515.5
516.5
517.5
518.5
519.5
520.5
521.5
522.5
523.5
524.5
525.5
526.5
527.5
528.5
529.5
530.5
531.5
532.5
533.5
534.5
535.5
536.5
537.5
538.5
539.5
540.5
541.5
542.5
543.5
544.5
545.5
546.5
547.5
548.5
549.5
550.5
551.5
552.5
553.5
554.5
555.5
556.5
557.5
558.5
559.5
560.5
561.5
562.5
563.5
564.5
565.5
566.5
567.5
568.5
569.5
570.5
571.5
572.5
573.5
574.5
575.5
576.5
577.5
578.5
579.5
580.5
581.5
582.5
583.5
584.5
585.5
586.5
587.5
588.5
589.5
590.5
591.5
592.5
593.5
594.5
595.5
596.5
597.5
598.5
599.5
600.5
601.5
602.5
603.5
604.5
605.5
606.5
607.5
608.5
609.5
610.5
611.5
612.5
613.5
614.5
615.5
616.5
617.5
618.5
619.5
620.5
621.5
622.5
623.5
624.5
625.5
626.5
627.5
628.5
629.5
631
633
635
637
639
641
643
645
647
649
651
653
655
657
659
661
663
665
667
669
671
673
675
677
679
681
683
685
687
689
691
693
695
697
699
701
703
705
707
709
711
713
715
717
719
721
723
725
727
729
731
733
735
737
739
741
743
745
747
749
751
753
755
757
759
761
763
765
767
769
771
773
775
777
779
781
783
785
787
789
791
793
795
797
799
801
803
805
807
809
811
813
815
817
819
821
823
825
827
829
831
833
835
837
839
841
843
845
847
849
851
853
855
857
859
861
863
865
867
869
871
873
875
877
879
881
883
885
887
889
891
893
895
897
899
901
903
905
907
909
911
913
915
917
919
921
923
925
927
929
931
933
935
937
939
941
943
945
947
949
951
953
955
957
959
961
963
965
967
969
971
973
975
977
979
981
983
985
987
989
991
993
995
997
999
1002.5
1007.5
1012.5
1017.5
1022.5
1027.5
1032.5
1037.5
1042.5
1047.5
1052.5
1057.5
1062.5
1067.5
1072.5
1077.5
1082.5
1087.5
1092.5
1097.5
1102.5
1107.5
1112.5
1117.5
1122.5
1127.5
1132.5
1137.5
1142.5
1147.5
1152.5
1157.5
1162.5
1167.5
1172.5
1177.5
1182.5
1187.5
1192.5
1197.5
1202.5
1207.5
1212.5
1217.5
1222.5
1227.5
1232.5
1237.5
1242.5
1247.5
1252.5
1257.5
1262.5
1267.5
1272.5
1277.5
1282.5
1287.5
1292.5
1297.5
1302.5
1307.5
1312.5
1317.5
1322.5
1327.5
1332.5
1337.5
1342.5
1347.5
1352.5
1357.5
1362.5
1367.5
1372.5
1377.5
1382.5
1387.5
1392.5
1397.5
1402.5
1407.5
1412.5
1417.5
1422.5
1427.5
1432.5
1437.5
1442.5
1447.5
1452.5
1457.5
1462.5
1467.5
1472.5
1477.5
1482.5
1487.5
1492.5
1497.5
1502.5
1507.5
1512.5
1517.5
1522.5
1527.5
1532.5
1537.5
1542.5
1547.5
1552.5
1557.5
1562.5
1567.5
1572.5
1577.5
1582.5
1587.5
1592.5
1597.5
1602.5
1607.5
1612.5
1617.5
1622.5
1627.5
1632.5
1637.5
1642.5
1647.5
1652.5
1657.5
1662.5
1667.5
1672.5
1677.5
1682.5
1687.5
1692.5
1697.5
1702.5
1707.5
1712.5
1717.5
1722.5
1727.5
1732.5
1737.5
1742.5
1747.5
1752.5
1757.5
1762.5
1767.5
1772.5
1777.5
1782.5
1787.5
1792.5
1797.5
1802.5
