3.741042667819004741e+00
3.725177811817556250e+00
3.709312955816108648e+00
3.693481853532600390e+00
3.677718317346235999e+00
3.662022058889383480e+00
3.646392791025144131e+00
3.627289452171301942e+00
3.608134612169646704e+00
3.588929083302248024e+00
3.569673671745732246e+00
3.550369177609093541e+00
3.534557170642086188e+00
3.518815584398056640e+00
3.503144105249630602e+00
3.487542420966211587e+00
3.466952361901997293e+00
3.446327147757470399e+00
3.425667523622219157e+00
3.404974228537143155e+00
3.384247995534063413e+00
3.368547410480854154e+00
3.352919665352891432e+00
3.337364422222979243e+00
3.321881344731667962e+00
3.302202129937399366e+00
3.282493349708921038e+00
3.262755724376035893e+00
3.242989968112933497e+00
3.223196788980320360e+00
3.207644857109886782e+00
3.192167963346256077e+00
3.176765745630393933e+00
3.161437843650197976e+00
3.120476115410539375e+00
3.079170423587806571e+00
3.037525532020163510e+00
2.995546163768392667e+00
2.953237001414617424e+00
2.936310470780538306e+00
2.919480954859186461e+00
2.902747897609001981e+00
2.886110746175388098e+00
2.845375420008205314e+00
2.804381202791701444e+00
2.763132846708513224e+00
2.721635055008677639e+00
2.679892482434110601e+00
2.662103266503925703e+00
2.644432135984064569e+00
2.626878307019623104e+00
2.609441000958954149e+00
2.569692593109420997e+00
2.529764646551334373e+00
2.489661698246007138e+00
2.449388229800396832e+00
2.408948668024959439e+00
2.390774236696060040e+00
2.372736923255356345e+00
2.354835693210215908e+00
2.337069519872791989e+00
2.312710588775334308e+00
2.288568344358119511e+00
2.264640905936188719e+00
2.240926408850591134e+00
2.217423004333754388e+00
2.200855654901758385e+00
2.184412087475570807e+00
2.168091377224999672e+00
2.151892606229667493e+00
2.129251677763030148e+00
2.106810191482849426e+00
2.084566433233391081e+00
2.062518703323623193e+00
2.040665316406880869e+00
2.025567787025878808e+00
2.010581954252634418e+00
1.995706991718019241e+00
1.980942079166663206e+00
1.960070040649197765e+00
1.939380290168083221e+00
1.918871274943299010e+00
1.898541455178271775e+00
1.878389303952868072e+00
1.864629668879774549e+00
1.850970826308505623e+00
1.837412037910727047e+00
1.823952570766532277e+00
1.812041989586898660e+00
1.800375803668445851e+00
1.788951140548396435e+00
1.777765156258174217e+00
1.766815035063354022e+00
1.754647696943791191e+00
1.742564150343984819e+00
1.730563818225743011e+00
1.718646127524701583e+00
1.708370634912345531e+00
1.698314261413596205e+00
1.688474541451066235e+00
1.678849032594866619e+00
1.669435315363434258e+00
1.658670867236591073e+00
1.647975827814841088e+00
1.637349749553796086e+00
1.626792187794816380e+00
1.618083757269871858e+00
1.609572224943367047e+00
1.601255475432518338e+00
1.593131412077072762e+00
1.585197956788044982e+00
1.575671993374138324e+00
1.566203274532478540e+00
1.556791456262053730e+00
1.547436196629065286e+00
1.538456541125654331e+00
1.529606471760529773e+00
1.520884774154336316e+00
1.512290243735014750e+00
1.503821685664411989e+00
1.495158529394258862e+00
1.486545279490849136e+00
1.477981648455565677e+00
1.469467350446003406e+00
1.461716021075578631e+00
1.454081315467168123e+00
1.446562165065063743e+00
1.439157509656018963e+00
1.431866297309133840e+00
1.423973564507006184e+00
1.416124338023311946e+00
1.408318378042541896e+00
1.400555446071096721e+00
1.394002095973191802e+00
1.387553636770755716e+00
1.381209128316839729e+00
1.374967637552036770e+00
1.368828238455386925e+00
1.361623220952414615e+00
1.354456128059527531e+00
1.345780478647605749e+00
1.336584623913898762e+00
1.322685003372114698e+00
1.308328749159872517e+00
1.293522145711704097e+00
1.279817697462476866e+00
1.266233016596084893e+00
1.256957567577502877e+00
1.247750063363209483e+00
1.238610006241835704e+00
1.229536902147862598e+00
1.221507910977202682e+00
1.213643668055564007e+00
1.205942237039292708e+00
1.198401700792840918e+00
1.191020161213462325e+00
1.182818088715148708e+00
1.174672500561481980e+00
1.166583007767704183e+00
1.158549224027836333e+00
1.151622455450004967e+00
1.146347159655321635e+00
1.141364916763514259e+00
1.136672229712272220e+00
1.132265634041871083e+00
1.127090007867800336e+00
1.121144693139680237e+00
1.115288829515599156e+00
1.109521597407111315e+00
1.103842183624487605e+00
1.098249781330607355e+00
1.092196009347616847e+00
1.086175606964006501e+00
1.080188390239884111e+00
1.075134072174296351e+00
1.070160651960946785e+00
1.065267404504786519e+00
1.060453610177084283e+00
1.055703868381870691e+00
1.050954126586657322e+00
