3.570491844282691396e+00
3.557909505459657673e+00
3.545327166636624838e+00
3.532767060304159212e+00
3.520251450928862713e+00
3.507780180870413655e+00
3.495353093046966286e+00
3.489600483511961837e+00
3.483567063775886208e+00
3.477255025614730766e+00
3.470666548282923980e+00
3.463803798576596815e+00
3.450038478317755786e+00
3.436327862093220720e+00
3.422671732506570752e+00
3.409069873025327269e+00
3.403361144109239955e+00
3.397628266299016708e+00
3.391871524909142899e+00
3.386091203354767654e+00
3.380287583162351783e+00
3.366621867848535121e+00
3.353011399838517370e+00
3.339455955780320284e+00
3.325955313224922438e+00
3.318769726067144266e+00
3.311567599505031101e+00
3.304349187842357871e+00
3.297114743584156127e+00
3.289864517447155468e+00
3.276338282925636225e+00
3.262867661338741510e+00
3.249452424034624087e+00
3.236092343301537611e+00
3.227394196033119389e+00
3.218687564901232978e+00
3.209972669745345453e+00
3.201249728727894261e+00
3.192518958344412905e+00
3.179173569764452534e+00
3.165883967664909093e+00
3.152649918846773147e+00
3.139471191085855484e+00
3.129733137301877299e+00
3.120017560050013739e+00
3.110324442114262400e+00
3.100653766027553271e+00
3.091005514074154803e+00
3.077994084118904183e+00
3.065037425113982472e+00
3.052135306503871437e+00
3.039287498703560519e+00
3.028286244834683671e+00
3.017313696371525911e+00
3.006648859013472119e+00
2.995993988637650318e+00
2.985349192350867487e+00
2.972922104432669244e+00
2.960530450692548499e+00
2.947895102600695427e+00
2.935313681338531211e+00
2.922785956749914149e+00
2.907473571680903035e+00
2.892119905586995277e+00
2.876725609557299723e+00
2.861291329787071902e+00
2.845817707608023550e+00
2.833143507498548264e+00
2.820525753502254318e+00
2.807964194229414012e+00
2.791386288750241196e+00
2.774780078466467792e+00
2.758146163280440266e+00
2.741485138224458940e+00
2.724797593492664927e+00
2.712156405132394532e+00
2.699573863199125956e+00
2.687049695613738631e+00
2.671131297984420172e+00
2.655188985054476980e+00
2.639223339494325415e+00
2.623234938995139487e+00
2.607224356302935586e+00
2.594644492827399063e+00
2.582125327221871824e+00
2.569666566618991510e+00
2.536372227532174950e+00
2.502798309417311629e+00
2.468948684397232807e+00
2.434827191450272821e+00
2.400437636653072193e+00
2.386679485454052507e+00
2.373000189344423028e+00
2.359399296364830256e+00
2.326098114134242056e+00
2.292585288133432098e+00
2.258864703277896346e+00
2.224940204480671202e+00
2.190815596999338144e+00
2.176272889792354004e+00
2.161826717562205680e+00
2.147476439506487811e+00
2.114764924153813563e+00
2.081905654877423295e+00
2.048902365433902695e+00
2.015758744025190285e+00
1.982478433757662861e+00
1.967521528019654076e+00
1.952677465390273870e+00
1.937945394519157816e+00
1.917746475345244228e+00
1.897727237156624724e+00
1.877886120451227825e+00
1.858221579016074765e+00
1.838732079815638354e+00
1.824994098014877331e+00
1.811358758761135279e+00
1.797825295166480153e+00
1.778909651427784011e+00
1.760160634130711887e+00
1.741576811162654170e+00
1.723156762495713590e+00
1.704899080086173191e+00
1.692285662419739989e+00
1.679765563065860556e+00
1.667338091624225749e+00
1.649770316555982497e+00
1.632355971408710582e+00
1.615093749223814656e+00
1.597982353970732072e+00
1.581020500456861377e+00
1.569439160484584761e+00
1.557942656499896605e+00
1.546530367059612443e+00
1.536431378862846531e+00
1.526539613539656948e+00
1.516852635527308424e+00
1.507368033423312603e+00
1.498083419764934865e+00
1.487766727220524388e+00
1.480815233667354791e+00
1.474243427477318180e+00
1.468046782389523131e+00
1.462220814325340790e+00
1.456761081034476213e+00
1.449076776276233769e+00
1.441508086851380321e+00
1.434053953443853002e+00
1.426713325007913813e+00
1.419485158708556405e+00
1.411660673213418038e+00
1.403879317843936603e+00
1.397310414991251859e+00
1.390846651966620495e+00
1.384487086391887445e+00
1.378230782993260073e+00
1.372076813552096874e+00
1.364854696723019067e+00
1.357670594508704198e+00
1.352959263161272352e+00
1.348351596359981919e+00
1.339670203573477103e+00
1.330903840535278437e+00
1.322053707233426856e+00
1.310686036656007580e+00
1.299170914845617864e+00
1.292317886320425879e+00
1.285567966040233934e+00
1.278920209284155840e+00
1.272373678706959943e+00
1.265927444285922521e+00
1.258949399559674998e+00
1.252009819208633967e+00
1.245108491209486967e+00
1.239282494191189743e+00
1.233549746279856585e+00
1.227909411674981133e+00
1.222360660876958605e+00
1.216885741970489709e+00
1.211410823064020592e+00
