2.756076482912164671e+00
2.743982909420415783e+00
2.731889335928666451e+00
2.719822388753170284e+00
2.707808742131332824e+00
2.695848160630861301e+00
2.683940409859386200e+00
2.693362775811653176e+00
2.702373756506144531e+00
2.710977050498009078e+00
2.719176330432517386e+00
2.726975243208213939e+00
2.713099890787320501e+00
2.699295138715764431e+00
2.685560627765961605e+00
2.671896000538144023e+00
2.684822646971992910e+00
2.697570369516940847e+00
2.710140677464083936e+00
2.722535069255092477e+00
2.734755032554196053e+00
2.720280298798777974e+00
2.705882178090889045e+00
2.691560264926764034e+00
2.677314155948918639e+00
2.688417140467455280e+00
2.699348311349493379e+00
2.710109199468171415e+00
2.720701324177244196e+00
2.731126193390831070e+00
2.716111613129989166e+00
2.701179576700682539e+00
2.686329630311729666e+00
2.671561322666700100e+00
2.680624648679848843e+00
2.689525711765267779e+00
2.698266045120481849e+00
2.706847169858157098e+00
2.715270595093393080e+00
2.699787374300755438e+00
2.684392443097578962e+00
2.669085298032304987e+00
2.653865438524197540e+00
2.662208618706124241e+00
2.670440451386748126e+00
2.678561942607363022e+00
2.686574090512974244e+00
2.694477885409892082e+00
2.678798057963770685e+00
2.663209475277931837e+00
2.647711606376743632e+00
2.632303923374452292e+00
2.638607707049877682e+00
2.644811769242059629e+00
2.671409920156048390e+00
2.697723911770022021e+00
2.723756180826379936e+00
2.727887339554300183e+00
2.731930453395003511e+00
2.715393573816013983e+00
2.698956795023217392e+00
2.682619511088067732e+00
2.683420759524769661e+00
2.684248965438166046e+00
2.685103774972771085e+00
2.685984837558099692e+00
2.686891805881934214e+00
2.670784696088837507e+00
2.654774143583726431e+00
2.638859569534645289e+00
2.638091603289194342e+00
2.637359434829490645e+00
2.636662664383917942e+00
2.636000895676607225e+00
2.635373735899955605e+00
2.619729590977716516e+00
2.604178313062162076e+00
2.588719350874780556e+00
2.588144461518535611e+00
2.587603593032655080e+00
2.587096363555182688e+00
2.586622394548419024e+00
2.586181310772974307e+00
2.570980435153041643e+00
2.555868906176614441e+00
2.540846198688240243e+00
2.518045987146475095e+00
2.494848132728675338e+00
2.471258672841266879e+00
2.447283583652363870e+00
2.422928780630936529e+00
2.406065922554280423e+00
2.389320424915448715e+00
2.372691470920971657e+00
2.348163887395144922e+00
2.323312913678724723e+00
2.298144773818231901e+00
2.272665616590339166e+00
2.246881516282670521e+00
2.228812835533984238e+00
2.210889457161783422e+00
2.193110212692237493e+00
2.167277589599162724e+00
2.141198383700015917e+00
2.114878722987170168e+00
2.088324648355713631e+00
2.061542114648895474e+00
2.042733345140849810e+00
2.024096180087494812e+00
2.005629053831446740e+00
1.997636700538826249e+00
1.990039351589407701e+00
1.982830723527967187e+00
1.976004612519941306e+00
1.969554893439536158e+00
1.953169233428686313e+00
1.936919893484306154e+00
1.920805739495197839e+00
1.913538535339501356e+00
1.906640059394594910e+00
1.900104927300574342e+00
1.893927816903551831e+00
1.888103467607284092e+00
1.873913791177052923e+00
1.859830754515588769e+00
1.845853556192335265e+00
1.839300653761066551e+00
1.833093099566074802e+00
1.827226311033244066e+00
1.821695753364126258e+00
1.816496939087389073e+00
1.804306174652903216e+00
1.792197224139652212e+00
1.780169538482993197e+00
1.773676790346404575e+00
1.767419315169771687e+00
1.761394351189630836e+00
1.755599162475240060e+00
1.750031038710185394e+00
1.739233076932454214e+00
1.742284619421537784e+00
1.745882928371845333e+00
1.750022040910667265e+00
1.754696042810426793e+00
1.759899068134270550e+00
1.756727370578542002e+00
1.753749834749953385e+00
1.750964841078858303e+00
1.748370780382121792e+00
1.745966053803479801e+00
1.738864121884728053e+00
1.731791077948574120e+00
1.728883494767412987e+00
1.726164438397320255e+00
1.723632513400345623e+00
1.721286332250733908e+00
1.719124515294789157e+00
1.713009000433106221e+00
1.706915240552921320e+00
1.703844283901281287e+00
1.700917773964367052e+00
1.686542038881111427e+00
1.671883716697610156e+00
1.656945340440833192e+00
1.638728301495961714e+00
1.620113380368481737e+00
1.617193605171393322e+00
1.614452569776938962e+00
1.611888783255041480e+00
1.609500764237151715e+00
1.607287040861347327e+00
1.600749202904404811e+00
1.594237958408409206e+00
1.587753199201182852e+00
1.585087447796977189e+00
1.582594542904814272e+00
1.580273205149196336e+00
1.578122162408744256e+00
1.576130148618788418e+00
1.574138134828833246e+00
