3.728884294780781872e+00
3.706516055828451339e+00
3.684147816876121695e+00
3.661846989736408542e+00
3.639681153621984855e+00
3.617649491407242568e+00
3.595751190912788609e+00
3.596825174759016974e+00
3.597935292085424397e+00
3.599081068588336763e+00
3.600262034367259112e+00
3.601477723889037197e+00
3.579887946068776028e+00
3.558427592485470470e+00
3.537095887279672279e+00
3.515892059242978096e+00
3.514868857229760390e+00
3.513893350498284107e+00
3.512965006411699509e+00
3.512083296990724079e+00
3.511247698877030921e+00
3.490404177857286960e+00
3.469684388458254443e+00
3.449087596182438986e+00
3.428613070892480685e+00
3.427851662298508906e+00
3.427135312432426417e+00
3.426463515539566185e+00
3.425835770268052638e+00
3.425251579634434052e+00
3.405118875476333962e+00
3.385104505918567153e+00
3.365207775422296876e+00
3.345427992536876172e+00
3.315407889011144693e+00
3.284864225417429839e+00
3.253804950961185050e+00
3.222237934217891731e+00
3.190170963842956287e+00
3.167968330140472855e+00
3.145920220113652022e+00
3.124025558324028395e+00
3.102283276817863200e+00
3.070213573223661285e+00
3.037721038430182041e+00
3.004813810349865832e+00
2.971499928480166197e+00
2.937787334924449212e+00
2.914162617253486243e+00
2.890727881777080288e+00
2.867481600721027757e+00
2.844422258596980502e+00
2.810917837479134818e+00
2.777093603148929724e+00
2.742957503495991212e+00
2.708517373446421850e+00
2.673780936318723711e+00
2.649386319789246436e+00
2.625214270975598119e+00
2.601262759249910239e+00
2.577529772511034878e+00
2.567258417234842938e+00
2.557494700922560593e+00
2.548230548405510998e+00
2.539457986839332548e+00
2.531169144532067872e+00
2.510111149565587674e+00
2.489228346033059314e+00
2.468519276433968734e+00
2.447982495393436153e+00
2.438720763091307475e+00
2.429928958688192253e+00
2.421600220054034303e+00
2.413727764337611603e+00
2.406304887140219506e+00
2.388220768167504726e+00
2.370272556893257665e+00
2.352459231929453942e+00
2.334779779564117419e+00
2.326491156643486935e+00
2.318639357151379699e+00
2.311218584690053923e+00
2.304223103292165842e+00
2.297647236853403108e+00
2.282227405630291361e+00
2.266911059046220700e+00
2.251697502601337053e+00
2.236586046456674470e+00
2.228428626856163941e+00
2.220566801696504111e+00
2.212997101127495370e+00
2.205716087754895582e+00
2.198720356366031581e+00
2.185153912204299331e+00
2.171671175098201179e+00
2.158271628562276057e+00
2.144954759297857727e+00
2.137199659058532042e+00
2.129723172942521447e+00
2.122522282848267050e+00
2.115593996608704952e+00
2.108935347790087178e+00
2.097063793607151005e+00
2.085259066412944673e+00
2.073520790027032490e+00
2.061848590386562208e+00
2.054516514326109267e+00
2.047447356848670630e+00
2.040638510169995534e+00
2.034087386923797869e+00
2.027791420017624358e+00
2.017473643697914820e+00
2.007208366124936916e+00
1.996995320175395161e+00
1.986834240085167069e+00
1.983098893312214450e+00
1.979585489142218879e+00
1.976291969266713799e+00
1.973216290103265047e+00
1.970356422701074361e+00
1.961336320777321118e+00
1.952357512011382745e+00
1.943419807367160690e+00
1.934523018673944383e+00
1.931036613094825771e+00
1.927763634715766061e+00
1.924702303267193049e+00
1.921850849896634017e+00
1.919207517103162397e+00
1.911400904199818340e+00
1.903626045655749444e+00
1.895882812306189713e+00
1.888171075511766661e+00
1.885000938806352444e+00
1.882036352802839874e+00
1.879275796055824177e+00
1.876717755746564853e+00
1.874360727639224899e+00
1.867692984387324895e+00
1.861048960582497358e+00
1.819000543994290453e+00
1.775784422536476725e+00
1.738063529793848483e+00
1.699421928027602169e+00
1.659869972063795940e+00
1.654845960233238822e+00
1.650123307294089070e+00
1.639049099518554264e+00
1.628049212296709847e+00
1.617123146852949445e+00
1.606270407759019081e+00
1.600411915648361605e+00
1.594765713426478326e+00
1.589329309117840650e+00
1.584100234056126322e+00
1.579076042687157955e+00
1.569332899636601608e+00
1.559649873283365018e+00
1.550026592698142691e+00
1.540462689240317484e+00
1.534893134675954229e+00
1.537749456410095528e+00
1.541086289472535453e+00
1.544898388618861196e+00
1.549180551408151363e+00
1.549992279758968472e+00
1.547198877106439330e+00
1.544576478111757245e+00
1.542123656374683627e+00
1.539838994642672709e+00
1.537721084758341794e+00
1.531466214894066535e+00
1.525236787483176926e+00
1.519032699035360867e+00
1.516482325619312732e+00
1.514097317641570406e+00
1.511876451100055752e+00
1.509818508932838865e+00
1.507912712688564971e+00
1.506006916444290855e+00
