3.793568919694124020e+00
3.784730821262622502e+00
3.775892722831121873e+00
3.767064938912552119e+00
3.758257793760662047e+00
3.749471239123398192e+00
3.740705226861520405e+00
3.728485019336114092e+00
3.716105264736985436e+00
3.703566823738375202e+00
3.690870553738131665e+00
3.678017308868652524e+00
3.668482629620001934e+00
3.658972667522125466e+00
3.649487358499712730e+00
3.640026638643556467e+00
3.625468713105813201e+00
3.610766056346452313e+00
3.595919563006019004e+00
3.580930123927106745e+00
3.565798626168411367e+00
3.555647684123048879e+00
3.545525639285637354e+00
3.535432409393009845e+00
3.525367912416184080e+00
3.511040223174534347e+00
3.496576564987458724e+00
3.481977873074446617e+00
3.467245078292747085e+00
3.452379107155065796e+00
3.441672725232337360e+00
3.430999545518960581e+00
3.420359465049552128e+00
3.409752381178042580e+00
3.374914220819399624e+00
3.339999341232910979e+00
3.305008605708206204e+00
3.269942872740954964e+00
3.234802996054892521e+00
3.223853795381048215e+00
3.212941655695320531e+00
3.202066451553224891e+00
3.191228057934881068e+00
3.156792882970311354e+00
3.122301763055845836e+00
3.087755520370338402e+00
3.053154971988258914e+00
3.018500929905489460e+00
3.007427668338265914e+00
2.996395028630894242e+00
2.985402861763548632e+00
2.974451019263078866e+00
2.940777238096386359e+00
2.907066555419997478e+00
2.873319740653769827e+00
2.839537557889143748e+00
2.805720765918586768e+00
2.794632233369519270e+00
2.783587523981895906e+00
2.772586464561519914e+00
2.761628882598680779e+00
2.734466978886471278e+00
2.707258344001259864e+00
2.680003816395629901e+00
2.652704228434524136e+00
2.625360406431074267e+00
2.614220798061211326e+00
2.603128455915951545e+00
2.592083179441028395e+00
2.581084768933140872e+00
2.554574269269207498e+00
2.528032489583487585e+00
2.501460214440949237e+00
2.474858222122115592e+00
2.448227284663130554e+00
2.437126924162733133e+00
2.426076893141143387e+00
2.415076963402489785e+00
2.404126907785549161e+00
2.378599371951553021e+00
2.353053830089086418e+00
2.327491009176940739e+00
2.301911629783994329e+00
2.276316406113302548e+00
2.265333174253411741e+00
2.254402936512336808e+00
2.243525437193333971e+00
2.232700421833394788e+00
2.225895094057297019e+00
2.219262196502893136e+00
2.212800267532587739e+00
2.206507855401368623e+00
2.200383518196268096e+00
2.190458366916165023e+00
2.180577984480728482e+00
2.170742168953545104e+00
2.160950719309064905e+00
2.155360961251683527e+00
2.149931752283380515e+00
2.144661800316341793e+00
2.139549821474009850e+00
2.134594540044044475e+00
2.125637162608347897e+00
2.116717372924808327e+00
2.107835013264321322e+00
2.098989926559661434e+00
2.094692281796892264e+00
2.090544398502697021e+00
2.086545136877882456e+00
2.082693363891235716e+00
2.078987953243418563e+00
2.070917459936850058e+00
2.062878295749869917e+00
2.054870339064915896e+00
2.046893468736534327e+00
2.039576906455862648e+00
2.032411400103447896e+00
2.025395924279595139e+00
2.018529459136482629e+00
2.011810990350985318e+00
2.004610166731314091e+00
1.997435116835441615e+00
1.990285748412137901e+00
1.983161969540365721e+00
1.977257127705932094e+00
1.971492540647973968e+00
1.965867316046651547e+00
1.960380566054873430e+00
1.955031407278103206e+00
1.948625521676406569e+00
1.942240625696764145e+00
1.935876650564260615e+00
1.929533527729331066e+00
1.925070243338163678e+00
1.920737798703904042e+00
1.916535419495858594e+00
1.912462334948375364e+00
1.908517777846103325e+00
1.902841930038169149e+00
1.897182961951614955e+00
1.888686094635684709e+00
1.879632268101413484e+00
1.858620662332690854e+00
1.837008089128018495e+00
1.814799536910097322e+00
1.794854692571823840e+00
1.774897494077162463e+00
1.766333609613370825e+00
1.757811045911681358e+00
1.749329603599323102e+00
1.740889084265498266e+00
1.735582809977912033e+00
1.730410983593774654e+00
1.725372465439840353e+00
1.720466123556345206e+00
1.715690833649799352e+00
1.707951959524883989e+00
1.700247992722165424e+00
1.692578775787068279e+00
1.684944151975238613e+00
1.680585686015981128e+00
1.680515113937224303e+00
1.680760071990083482e+00
1.681318008700254829e+00
1.682186388140474165e+00
1.680120969079297977e+00
1.675118428319892550e+00
1.670234710427499270e+00
1.665469059434981247e+00
1.660820723164485813e+00
1.656288953210331094e+00
1.650861931670871030e+00
1.645452692392611826e+00
1.640061177109926049e+00
1.636267483272966450e+00
1.632585000359600969e+00
1.629013070205726388e+00
1.625551037677442245e+00
1.622191059894765308e+00
1.618831082112088371e+00
