3.591978811868993482e+00
3.583579078634249182e+00
3.575179345399505770e+00
3.566789451806354538e+00
3.558419246823955273e+00
3.550068684248936179e+00
3.541737717986346734e+00
3.542558451740003278e+00
3.543192867455025930e+00
3.543641882798640008e+00
3.543906412032806763e+00
3.543987366025472152e+00
3.534753502571199135e+00
3.525543697959546474e+00
3.516357889505172363e+00
3.507196014686057239e+00
3.505487353209522539e+00
3.503773887605768689e+00
3.502055654630400916e+00
3.500332690879778053e+00
3.498605032791609393e+00
3.489443374579082935e+00
3.480305707637482371e+00
3.471191969141818046e+00
3.462102096431616705e+00
3.458929965726287747e+00
3.455757024022975354e+00
3.452583297441629284e+00
3.449408811970644972e+00
3.446233593467377787e+00
3.437163728942854490e+00
3.428117734663995275e+00
3.419095547808624236e+00
3.410097105719902544e+00
3.405364873422504601e+00
3.400636135653709591e+00
3.395910906915166727e+00
3.391189201607677006e+00
3.386471034031622640e+00
3.377513890870788238e+00
3.368580439161260376e+00
3.359670616239659235e+00
3.350784359608347973e+00
3.347204646678593409e+00
3.343702989004080806e+00
3.340279005738994389e+00
3.336932317488261024e+00
3.333662546302583518e+00
3.325186275929895796e+00
3.316731557576475531e+00
3.308298336443513232e+00
3.299886557871531068e+00
3.295071004807371029e+00
3.290335095130086707e+00
3.287604292784710669e+00
3.285014969416153896e+00
3.282566450760619592e+00
3.276683227536733689e+00
3.270881158111355269e+00
3.263234057357530027e+00
3.255604835012337439e+00
3.247993449277259970e+00
3.237382842029644436e+00
3.226633702655365088e+00
3.215746778463852706e+00
3.204722813919700819e+00
3.193562550652164767e+00
3.185283743886479169e+00
3.177026398620411918e+00
3.168790459218414401e+00
3.156117196044932793e+00
3.143317938487414143e+00
3.130393465366649419e+00
3.117344552197159668e+00
3.104171971199425784e+00
3.095335165456320592e+00
3.086523515901875570e+00
3.077736950922676851e+00
3.065228509337032836e+00
3.052601363361404196e+00
3.039856329466481544e+00
3.026994220314612960e+00
3.014015844775239206e+00
3.004668897712432507e+00
2.995350937033206318e+00
2.986061872846132115e+00
2.955552647912002229e+00
2.924976236761521964e+00
2.894333395413299925e+00
2.863624875687671434e+00
2.832851425225994646e+00
2.823262755136405566e+00
2.813706540894401087e+00
2.804182672643032337e+00
2.773923938634669017e+00
2.743616044912154717e+00
2.713259713937078654e+00
2.682855663685727698e+00
2.652404607671752235e+00
2.642674357231253435e+00
2.632979801862827429e+00
2.623320810620390908e+00
2.593622177045733057e+00
2.563890998138271371e+00
2.534127952488816060e+00
2.504333713988771137e+00
2.474508951856107419e+00
2.464729406653706434e+00
2.454988511343557445e+00
2.445286113176821985e+00
2.421235587643350673e+00
2.397143683961963312e+00
2.373011144541051110e+00
2.348838706398701959e+00
2.324627101194422174e+00
2.314763527625687711e+00
2.304941805966662205e+00
2.295161758636437899e+00
2.271587993929689020e+00
2.247986414286105461e+00
2.224357717359452646e+00
2.200702595215221713e+00
2.177021734366252126e+00
2.167151030686062185e+00
2.157325081171439507e+00
2.147543682905205475e+00
2.124740602858598670e+00
2.101921438497736272e+00
2.079086839213756921e+00
2.056237448671992318e+00
2.033373904851349057e+00
2.023562871115065498e+00
2.013799175638973260e+00
2.004082590015859200e+00
1.997974095216440427e+00
1.992020374609703826e+00
1.986220116222743526e+00
1.980572016962286241e+00
1.975074782560345632e+00
1.966165919244328597e+00
1.965957960333332588e+00
1.966120310956002148e+00
1.966649978695113488e+00
1.967543989363272017e+00
1.968799386903748339e+00
1.962937309493051341e+00
1.957214471096704544e+00
1.951629985857282534e+00
1.946182972357719532e+00
1.940872553601254769e+00
1.934513061114557342e+00
1.928174406237528782e+00
1.923714265686907954e+00
1.919384872732512459e+00
1.915185453589071329e+00
1.911115238033843200e+00
1.907173459391885872e+00
1.901501609527822101e+00
1.895846627495429537e+00
1.893904266175511886e+00
1.892074769159258762e+00
1.883744047032722468e+00
1.875213626687419533e+00
1.866484905469025124e+00
1.853863470646801570e+00
1.840950411928599317e+00
1.835469003362665275e+00
1.830117791973004726e+00
1.824895949427588926e+00
1.819802651546400973e+00
1.814837078282686145e+00
1.808890555548618106e+00
1.802963517281255479e+00
1.797055899637497900e+00
1.792899054767149503e+00
1.788864066476994363e+00
1.784950213600222435e+00
1.781156778290295506e+00
1.777475166908181636e+00
1.773793555526068433e+00
