3.341794099059195222e+00
3.331754645232468004e+00
3.321715191405742118e+00
3.311690854159924591e+00
3.301696768555631767e+00
3.291732843298866840e+00
3.281798987371141507e+00
3.241596019308429888e+00
3.201113612422405552e+00
3.160354078439851833e+00
3.119319716730736047e+00
3.078012814365210570e+00
3.066734736890588398e+00
3.055497983165799791e+00
3.044302401777422062e+00
3.033147841866825178e+00
2.992556103704645309e+00
2.951744406938040299e+00
2.910715146689407451e+00
2.869470702455343414e+00
2.828013438193425877e+00
2.815823751832034816e+00
2.803686607106967710e+00
2.791601777546151020e+00
2.779569037653681018e+00
2.741652044732205251e+00
2.703560616770287250e+00
2.665297180325595594e+00
2.626864143195796419e+00
2.588263894540554499e+00
2.575434923176223467e+00
2.562669539804836916e+00
2.549967429246579265e+00
2.537328277883851513e+00
2.483365900400988036e+00
2.428967000048262381e+00
2.374138310684983377e+00
2.318886503124581111e+00
2.263218185639706892e+00
2.248525777716116281e+00
2.233928750278580733e+00
2.219426484134032762e+00
2.205018364109096130e+00
2.154873475598443111e+00
2.104445213679490667e+00
2.053740305672673738e+00
2.002765395991969122e+00
1.951527046998041692e+00
1.935862043268871346e+00
1.920322783296218860e+00
1.904908257728756382e+00
1.889617465317270151e+00
1.844028415617867012e+00
1.798285712687585525e+00
1.752395558456056879e+00
1.706364057559089931e+00
1.660197218573959521e+00
1.644321952472197923e+00
1.628598490066395676e+00
1.613025379767524470e+00
1.597601183867051855e+00
1.571582680834670676e+00
1.545918131314502064e+00
1.520603182061671665e+00
1.495633530380769294e+00
1.471004923560291111e+00
1.457454955882791392e+00
1.444029801943927493e+00
1.430728312038421990e+00
1.417549347051354935e+00
1.395139762896073110e+00
1.373030073943214635e+00
1.351216689540463589e+00
1.329696059448619794e+00
1.308464673404317935e+00
1.296871076151893787e+00
1.285380203489580930e+00
1.273991145230387811e+00
1.262702999251996250e+00
1.243546356108935047e+00
1.224642930586019585e+00
1.205989768673495055e+00
1.187583948580548832e+00
1.169422580398394862e+00
1.159471321083152651e+00
1.149604742501478150e+00
1.139822124058478936e+00
1.130122751291200656e+00
1.115692656192793786e+00
1.101483020000065816e+00
1.087491179886926007e+00
1.073714502025585826e+00
1.060150381288729848e+00
1.051609500578283507e+00
1.043137427694158292e+00
1.034733608300434815e+00
1.026397492527085120e+00
1.014418641198949977e+00
1.002625421329724986e+00
9.910156597876571549e-01
9.795872061004239351e-01
9.683379322334132455e-01
9.609756261051284332e-01
9.536692958399409781e-01
9.464185158514656360e-01
9.392228637890659426e-01
9.294369969010687349e-01
9.198075433424582892e-01
9.103327275367311122e-01
9.010107915994978178e-01
8.918399951739977016e-01
8.854635388802561957e-01
8.791326728214067243e-01
8.728470710374764963e-01
8.666064098990344799e-01
8.596877748538177544e-01
8.528951612183828246e-01
8.462271553177910244e-01
8.396823570175340201e-01
8.332593796037331968e-01
8.276794429010593257e-01
8.221368723467513684e-01
8.166314177177128597e-01
8.111628304664697531e-01
8.059260745456526820e-01
8.007965376803241053e-01
7.957730514184769843e-01
7.908544579449888756e-01
7.860396099928341762e-01
7.811321599192974086e-01
7.762553483351170014e-01
7.714089839562213724e-01
7.665928766927753157e-01
7.628965445092950048e-01
7.592919800960798993e-01
7.557782128042384029e-01
7.523542803476849228e-01
7.490192287375972979e-01
7.446824053497864693e-01
7.403706921812802655e-01
7.488457081560573325e-01
7.567856809939215168e-01
7.591588926953469763e-01
7.611092284718127265e-01
7.626426183308047113e-01
7.510031640063705716e-01
7.395182959397514910e-01
7.332253284063593446e-01
7.269859111915918382e-01
7.207995886063628399e-01
7.146659088392948167e-01
7.055406195586765294e-01
6.965547438630061983e-01
6.877065978369515387e-01
6.789945159030982280e-01
6.704168506336081190e-01
6.650157769287868836e-01
6.596582158491888226e-01
6.543438168444127845e-01
6.490722321881938761e-01
6.414970580210589413e-01
6.317432493220950240e-01
6.222326973983809406e-01
6.129623397381750438e-01
6.039291458869048279e-01
5.974761760740454619e-01
5.936189518706095347e-01
5.898407017385552953e-01
5.861405650341121598e-01
5.825176889482929221e-01
5.789712284414952892e-01
5.753565602218916331e-01
5.717644593177190204e-01
5.681947848353480213e-01
5.654550820106447606e-01
5.627833969957412030e-01
5.601790103505603913e-01
5.576412088334954387e-01
5.551599364653745372e-01
5.526786640972536357e-01
