3.698395398357388064e+00
3.688802126768870870e+00
3.679208855180354121e+00
3.669628051421127690e+00
3.660072196449611237e+00
3.650541225298188142e+00
3.641035073168415792e+00
3.631708030793372011e+00
3.622432749296179200e+00
3.613209023393380015e+00
3.604036648516980357e+00
3.594915420812118345e+00
3.585690781771964097e+00
3.576489813376445781e+00
3.567312454886122808e+00
3.558158645717412139e+00
3.544497646419571879e+00
3.530868623957398977e+00
3.517271504188300035e+00
3.503706213139602177e+00
3.490172677008168467e+00
3.481201501182628721e+00
3.472253384959904654e+00
3.463328269067356580e+00
3.454426094384698498e+00
3.439378782607454887e+00
3.424367168504061087e+00
3.409391167989979099e+00
3.394450697177043175e+00
3.379545672373010845e+00
3.370844029417259691e+00
3.362164791422846744e+00
3.353507900701551581e+00
3.344873299713690962e+00
3.328502744824668902e+00
3.312171463075893829e+00
3.295879360769156108e+00
3.279626344428355988e+00
3.263412320798983135e+00
3.254995383090655281e+00
3.246600154205308453e+00
3.238226578151914392e+00
3.229874599083856435e+00
3.207703646681609566e+00
3.185498181016452435e+00
3.163258541012812231e+00
3.140985064039871322e+00
3.118678085917429232e+00
3.110178455538703535e+00
3.101701990012066812e+00
3.093248626204142315e+00
3.084818301153616105e+00
3.061425005988688053e+00
3.038008186530875232e+00
2.998325284411555103e+00
2.958581724259827794e+00
2.918778180829803226e+00
2.893901271581307277e+00
2.869012156089457921e+00
2.860353994941445599e+00
2.851721962561938994e+00
2.843115980099026885e+00
2.808287003252377900e+00
2.773215940590271433e+00
2.737904794827497934e+00
2.702355557973779021e+00
2.666570211383160416e+00
2.656799691489564630e+00
2.647064971538001021e+00
2.637365920354707072e+00
2.602070816898423011e+00
2.566584456254080493e+00
2.530908921015247781e+00
2.495046280188633503e+00
2.458998589269543178e+00
2.448399480665078176e+00
2.437846057773365160e+00
2.427338123673661752e+00
2.394226025644590194e+00
2.360961597229751074e+00
2.327546957490000068e+00
2.293984209103482108e+00
2.260275438472174603e+00
2.249072172477224907e+00
2.237924436514951321e+00
2.226831955345566438e+00
2.179473027605448809e+00
2.131730994894514897e+00
2.083611767040524310e+00
2.035121198540369214e+00
1.986265089003361961e+00
1.973370611079319215e+00
1.960559841801143843e+00
1.947832237747268769e+00
1.903536084940053552e+00
1.858989610471581067e+00
1.814198757009645613e+00
1.769169393985520200e+00
1.723907318347596140e+00
1.710069429391765539e+00
1.696342617852172108e+00
1.682725992104923574e+00
1.642128421277714967e+00
1.601394020488825287e+00
1.560528312627614822e+00
1.519536733942178364e+00
1.478424635139388155e+00
1.464287528877761035e+00
1.450285605545789114e+00
1.436417572486818672e+00
1.413024102737973298e+00
1.389948875770817827e+00
1.367187977543789845e+00
1.344737539464802900e+00
1.322593737882750364e+00
1.310410840251517772e+00
1.298340163773645584e+00
1.286380674738793806e+00
1.266044694163408035e+00
1.245980858888393383e+00
1.226185910511664146e+00
1.206656627304744545e+00
1.187389823815949264e+00
1.176869005272844548e+00
1.166441406008360326e+00
1.156106200056923328e+00
1.138566751807342348e+00
1.121259144664330076e+00
1.104180673994259454e+00
1.087328664662537969e+00
1.070700470725133524e+00
1.061589292087289804e+00
1.052555645474919643e+00
1.043598871125415384e+00
1.030273565588716744e+00
1.017151840295698051e+00
1.004231236290197726e+00
9.915093213942038908e-01
9.789836899328264730e-01
9.710967117637249180e-01
9.563017942761123935e-01
9.418743351750097359e-01
9.278097115892081082e-01
9.141033490237883141e-01
9.007507208958346334e-01
8.949355978481983165e-01
8.892395355339902663e-01
8.836612364529450314e-01
8.781994149164600305e-01
8.728527969490005312e-01
8.674033495316968434e-01
8.619879244343736646e-01
8.578316195641745301e-01
8.537785020731254448e-01
8.498274805244945274e-01
8.459774728850280034e-01
8.422274064512472735e-01
8.373509074589461365e-01
8.325026434091792327e-01
8.302933236347024293e-01
8.281697105963603533e-01
8.221868868514455864e-01
8.160931969612125192e-01
8.098902572293041890e-01
8.009687952628006258e-01
7.918834707394932781e-01
7.867711797194434364e-01
7.817635594197475113e-01
7.768594691596502066e-01
7.720577786424668298e-01
7.673573678689077360e-01
7.625665559002697824e-01
7.578056542189111067e-01
7.530744760871158627e-01
7.494433264806553696e-01
7.459023263754691602e-01
7.424505222394698345e-01
7.390869687559044054e-01
7.357983379227409637e-01
7.325097070895778550e-01
