3.592588329250895107e+00
3.581170938589337549e+00
3.569753547927781767e+00
3.558354345882749570e+00
3.546991544615956116e+00
3.535665027889733025e+00
3.524374679837592339e+00
3.525920943284288178e+00
3.527200320878285833e+00
3.528214597847829648e+00
3.528965550397383577e+00
3.529454945748290218e+00
3.516883983857996832e+00
3.504357796326711405e+00
3.491876223680304925e+00
3.479439107012648691e+00
3.479037954111849462e+00
3.478512258319336414e+00
3.477862934555022267e+00
3.477090892716601545e+00
3.476197037704039428e+00
3.463190603315685401e+00
3.450232833411439604e+00
3.437323545909730882e+00
3.424462559410258233e+00
3.422100142803941036e+00
3.419622893287145970e+00
3.417031725484200866e+00
3.414327548695539338e+00
3.411511266925078445e+00
3.398133329294968696e+00
3.384807852055938593e+00
3.371534629489236767e+00
3.358313456682817666e+00
3.353920104463513852e+00
3.349423026926126923e+00
3.344823126880857256e+00
3.340121301563147238e+00
3.335318442663882443e+00
3.321639461424117368e+00
3.308016581132724454e+00
3.294449571705580837e+00
3.280938204002195491e+00
3.272646890110419093e+00
3.264222420031873906e+00
3.255666068214511988e+00
3.246979100705984056e+00
3.238162775201914645e+00
3.224053700805348477e+00
3.210006101385226351e+00
3.196019709087496885e+00
3.182094257225184020e+00
3.171758822801495459e+00
3.161306799105064957e+00
3.152733044818622155e+00
3.143875358522231434e+00
3.134736541655315456e+00
3.121790033306452550e+00
3.108744937736526825e+00
3.093608875387755308e+00
3.078546508497446155e+00
3.063557478252290078e+00
3.051240703248675690e+00
3.038930699982370864e+00
3.026627699158531026e+00
3.014331929052107562e+00
3.002043615526150955e+00
2.987163706387328865e+00
2.972357550905791790e+00
2.957624783514662070e+00
2.944032276574037876e+00
2.930455924719944427e+00
2.916895906235385194e+00
2.903352397216448555e+00
2.889825571589724529e+00
2.875248365014584806e+00
2.860744690542428526e+00
2.846314177253756128e+00
2.833469916513024156e+00
2.820641126860201187e+00
2.807827983364098667e+00
2.795030658911448640e+00
2.782249324224584708e+00
2.767970687466067226e+00
2.753765329355120528e+00
2.739632873822214876e+00
2.711690665166673231e+00
2.683499898920617355e+00
2.655064154518838482e+00
2.626386979485034079e+00
2.597471889675169621e+00
2.582204651080276747e+00
2.567027149192542712e+00
2.551938856563823688e+00
2.523192953159081764e+00
2.494252358310899975e+00
2.465120624980819297e+00
2.435801269293761617e+00
2.406297770860213348e+00
2.390359868782908404e+00
2.374527530001094622e+00
2.358800055325550371e+00
2.329789138675690818e+00
2.300635532204575284e+00
2.271342648481248450e+00
2.241913859288840793e+00
2.212352496028707538e+00
2.196049461643278633e+00
2.179866565857213168e+00
2.163802923357832420e+00
2.138866497338745454e+00
2.114010864056418360e+00
2.089236212502093348e+00
2.064542724299333276e+00
2.039930573803825808e+00
2.024391086219773150e+00
2.008969973092908923e+00
1.993666332687442200e+00
1.969755703008845060e+00
1.945932528565971653e+00
1.922196887988843361e+00
1.898548853449481655e+00
1.874988490757192316e+00
1.860239426580606148e+00
1.845606381726356160e+00
1.831088443561410317e+00
1.808397852668470529e+00
1.785798920126494327e+00
1.763291629543120465e+00
1.740875958937164070e+00
1.718551880828978140e+00
1.704606216292963383e+00
1.690773717708770940e+00
1.677053466759987455e+00
1.665379517580180879e+00
1.653959150864324101e+00
1.642789096452844877e+00
1.631866119976114193e+00
1.621187022493397745e+00
1.608813675137220622e+00
1.602182399471258734e+00
1.596051012590000040e+00
1.590412900819366149e+00
1.585261518392793167e+00
1.580590386824380689e+00
1.572779951750080674e+00
1.565155138196374862e+00
1.557713996918921096e+00
1.550454595406421721e+00
1.543375017749813338e+00
1.534438872165912349e+00
1.525554466889440519e+00
1.518993788025649883e+00
1.512603609336645283e+00
1.506382234495941885e+00
1.500327980793601856e+00
1.494439179037091003e+00
1.486441887771038584e+00
1.478487392938920175e+00
1.471570194758356376e+00
1.464771121013890509e+00
1.453075697558636303e+00
1.441193720689859292e+00
1.429127740525804047e+00
1.415885554635471166e+00
1.402388611119225414e+00
1.395458754220569197e+00
1.388693591165827357e+00
1.382091392475883307e+00
1.375650443518117161e+00
1.369369044390346568e+00
1.361440393869230547e+00
1.353557650256367983e+00
1.345720547750634211e+00
1.339933248414021394e+00
1.334296350517399254e+00
1.328808357698981535e+00
1.323467785608398506e+00
1.318254205238751808e+00
1.313040624869105333e+00
