3.894109611244648939e+00
3.875287334846017728e+00
3.856465058447386518e+00
3.837688447068963615e+00
3.819003256494182263e+00
3.800409041607404337e+00
3.781905359460201677e+00
3.766700527258389108e+00
3.751504054641733088e+00
3.736316226411506847e+00
3.721137324368935850e+00
3.705967627337805936e+00
3.687598653189327003e+00
3.669320726574231362e+00
3.651133396206929227e+00
3.633036213038669526e+00
3.616339683371851521e+00
3.599662998012100434e+00
3.583006375955622769e+00
3.566370033512298310e+00
3.549754184327078121e+00
3.531848086275826137e+00
3.514032312323306151e+00
3.496306406845809622e+00
3.478669916517938887e+00
3.462972090959621330e+00
3.447293173647103082e+00
3.431633378543623270e+00
3.415992916945563174e+00
3.400371997504041843e+00
3.382921125587764255e+00
3.365559812381786919e+00
3.348287598266520781e+00
3.331104025981164618e+00
3.297129253435300722e+00
3.262852261129132181e+00
3.228277401277058090e+00
3.193408987292962298e+00
3.158251294086110494e+00
3.139687945531270064e+00
3.121233707328165519e+00
3.102887938155602932e+00
3.084650000461902408e+00
3.049903458348384166e+00
3.014921583417409678e+00
2.979708670302756435e+00
2.944268969112030732e+00
2.908606685816099713e+00
2.889341784729747342e+00
2.870204483024802578e+00
2.851193935557961634e+00
2.832309302783654559e+00
2.797474688919640240e+00
2.762468741454356724e+00
2.727295558001345377e+00
2.691959187200806625e+00
2.656463629204863341e+00
2.636887897955747295e+00
2.617456422118120685e+00
2.598168138660238657e+00
2.579021992383937700e+00
2.549300435757662076e+00
2.519675175445009963e+00
2.490146436703360333e+00
2.460714436008599737e+00
2.431379381174088472e+00
2.412857971577572425e+00
2.394477651691736320e+00
2.376237346743822254e+00
2.358135990148321426e+00
2.329854168126377800e+00
2.301675789361464997e+00
2.273600946858254979e+00
2.245629725982810410e+00
2.217762204575282059e+00
2.200316808379555233e+00
2.183008641435817854e+00
2.165836624269155131e+00
2.148799685896031431e+00
2.122172061897317441e+00
2.095651999844315050e+00
2.069239480500433270e+00
2.042934478070542070e+00
2.016736960307015547e+00
2.000371590474678829e+00
1.984139021962008531e+00
1.968038177115967846e+00
1.952067987028432539e+00
1.938479665053150836e+00
1.925186509701808157e+00
1.912184714552043863e+00
1.899470514840520430e+00
1.887040187042658967e+00
1.872637774868501692e+00
1.858345285884035247e+00
1.844161881125099489e+00
1.830086728030740684e+00
1.818220228874967814e+00
1.806617892410258275e+00
1.795276461313645155e+00
1.784192711996968272e+00
1.773363454285954210e+00
1.760684302621572161e+00
1.748095804052887781e+00
1.735597310430563311e+00
1.723188178239383195e+00
1.712943797712128013e+00
1.702936401935950084e+00
1.693163204825024915e+00
1.683621447492068768e+00
1.674308398005346810e+00
1.663145322000734838e+00
1.652056673303560874e+00
1.641041955686433074e+00
1.630100676230444634e+00
1.621093621472873503e+00
1.612287592420077242e+00
1.603680370707095681e+00
1.595269758228606394e+00
1.587053576969786883e+00
1.577168392668748753e+00
1.567344779615262418e+00
1.557582354304234640e+00
1.547880735619287629e+00
1.540231934203631470e+00
1.532764912949514891e+00
1.525477762951384486e+00
1.518368591690448799e+00
1.511435522906573681e+00
1.502684307085376370e+00
1.493983760827775287e+00
1.485333590756857891e+00
1.476733505194365526e+00
1.470382781896537594e+00
1.464197102408165918e+00
1.458174824688791116e+00
1.452314319878745374e+00
1.446613972203176779e+00
1.438872611131055912e+00
1.431172676916687259e+00
1.419504328445986285e+00
1.407200183335263866e+00
1.387936292049361642e+00
1.368037762218207387e+00
1.347513976512231260e+00
1.330383838236552485e+00
1.313323695285992576e+00
1.302666366935321340e+00
1.292095520423043542e+00
1.281610453968363705e+00
1.271210471485278992e+00
1.262361590555068025e+00
1.253704925728843289e+00
1.245237998217959774e+00
1.236958356362632738e+00
1.228863575358263072e+00
1.219484548965690474e+00
1.210177105894356009e+00
1.200940699800570055e+00
1.191774788510490346e+00
1.184047179591677601e+00
1.179286769484257258e+00
1.174893127432474982e+00
1.170861395998936905e+00
1.167186767639106115e+00
1.162496138637271192e+00
1.156751702450237840e+00
1.151143787592663337e+00
1.145670960429976182e+00
1.140331799634462850e+00
1.135124896089056978e+00
1.128552519828780687e+00
1.122018197645069604e+00
1.115521709204715606e+00
1.110724384783646990e+00
1.106051734145471865e+00
1.101502516895919603e+00
1.097075502597463448e+00
1.092753756827329337e+00
1.088432011057195226e+00
