3.381779102956822936e+00
3.375698893067606843e+00
3.369618683178391638e+00
3.363543947056510053e+00
3.357480162446482730e+00
3.351427309604963156e+00
3.345385368824200789e+00
3.315740669310448308e+00
3.285992690048200604e+00
3.256141938037401928e+00
3.226188918707295628e+00
3.196134135920600361e+00
3.189591743099196464e+00
3.183062742363985009e+00
3.176547106301757406e+00
3.170044807555421507e+00
3.139595097588922190e+00
3.109059708516220155e+00
3.078439154829487379e+00
3.047733949190797098e+00
3.016944602437647838e+00
3.010032344823436290e+00
3.003135924193864437e+00
2.996255304264102026e+00
2.989390448832454972e+00
2.960848772194634382e+00
2.932232800837139219e+00
2.903543059133236071e+00
2.874780069356883683e+00
2.845944351689820628e+00
2.838728973814166334e+00
2.831531889225891163e+00
2.824353051545667626e+00
2.817192414511756837e+00
2.767161342349534259e+00
2.716893276223363518e+00
2.666389995848668537e+00
2.615653272609145930e+00
2.564684869590262650e+00
2.556375131242808241e+00
2.548092316963968429e+00
2.539836339518087627e+00
2.531607111952159261e+00
2.484806629353082830e+00
2.437831619388194593e+00
2.390683934189711479e+00
2.343365414813229020e+00
2.295877891293639284e+00
2.286821100942605156e+00
2.277800037862509175e+00
2.268814561116238249e+00
2.259864530322647447e+00
2.216624234111964853e+00
2.173263938118816352e+00
2.129785466758055801e+00
2.086190630965855330e+00
2.042481228282083006e+00
2.032984614474627083e+00
2.023532155625639817e+00
2.014123646434537118e+00
2.004758882555290889e+00
1.982991725672046623e+00
1.961361609249216320e+00
1.939867732856385585e+00
1.918509300528560058e+00
1.897285520742017839e+00
1.888641541310224437e+00
1.880036943605430277e+00
1.871471548205595248e+00
1.862945176506122014e+00
1.843037571690885779e+00
1.823253986952035888e+00
1.803593708563466347e+00
1.784056026714320176e+00
1.764640235488189823e+00
1.756765711867669166e+00
1.748926327490265997e+00
1.741121925550760619e+00
1.733352349943660942e+00
1.715379257130033031e+00
1.697517416310265981e+00
1.679766195386682925e+00
1.662124965674896648e+00
1.644593101885987396e+00
1.637408170238818794e+00
1.630254628266528005e+00
1.623132338833267685e+00
1.616041165402312574e+00
1.603131502901339323e+00
1.590327687283932256e+00
1.577629047907631143e+00
1.565034917936674042e+00
1.552544634321672667e+00
1.546007006911497950e+00
1.539496908869051994e+00
1.533014224270615955e+00
1.526558837680614289e+00
1.515431481654926804e+00
1.504397844093299241e+00
1.493457340423199220e+00
1.482609389303473302e+00
1.471853412607621703e+00
1.465887987901784761e+00
1.459946741073728349e+00
1.454029574130467850e+00
1.448136389476183394e+00
1.438790002284304981e+00
1.429526127171334204e+00
1.420344255873173145e+00
1.411243882862852850e+00
1.402224505336800320e+00
1.396762710827481602e+00
1.391322190514376445e+00
1.385902861532517072e+00
1.380504641339703520e+00
1.375443838399885710e+00
1.370490227487063839e+00
1.365643078348107498e+00
1.360901664692266255e+00
1.356265264171738094e+00
1.351416767677687369e+00
1.346585604015843929e+00
1.341771711223273433e+00
1.336975027558551465e+00
1.333753170490273865e+00
1.330628035047632718e+00
1.327598998150099519e+00
1.324665439847150461e+00
1.321826743304139740e+00
1.317524615798928878e+00
1.313236490356518793e+00
1.308962321404627982e+00
1.304702063519299848e+00
1.303328068764188608e+00
1.302042205972103073e+00
1.300843942802792697e+00
1.299732749369015616e+00
1.298708098226442509e+00
1.294897067023824677e+00
1.291097219210951774e+00
1.302796249690168384e+00
1.314046214151860292e+00
1.316797821166028060e+00
1.319167035215282446e+00
1.321156613753569520e+00
1.307281571278918975e+00
1.293492546437392088e+00
1.287841510006789703e+00
1.282215161938581094e+00
1.276613394373748989e+00
1.271036099924491847e+00
1.260882492808614863e+00
1.250812135558494909e+00
1.240824500705652200e+00
1.230919063775620215e+00
1.221095303271964028e+00
1.215953379523926570e+00
1.210833107959596644e+00
1.205734397403553704e+00
1.200657157064308977e+00
1.191905355743802186e+00
1.180668434110208498e+00
1.169625055451061657e+00
1.158773882035039726e+00
1.148113583632620616e+00
1.141338778266700604e+00
1.138588367575206206e+00
1.135920525473072429e+00
1.133334720053603695e+00
1.130830422082103048e+00
1.128407104983812914e+00
1.124734497156790525e+00
1.121073842505347917e+00
1.117425102125683578e+00
1.116248330606361083e+00
1.115147040586254912e+00
1.114120776137244473e+00
1.113169083432114626e+00
1.112286710430381520e+00
1.111404337428648414e+00
