3.697340770443345193e+00
3.691349350019342612e+00
3.685357929595341364e+00
3.679371369917329382e+00
3.673394534911238907e+00
3.667427408780143505e+00
3.661469975752776662e+00
3.655974515056007679e+00
3.650447467495909759e+00
3.644888952445007213e+00
3.639299088967567375e+00
3.633677995820298268e+00
3.627573496480523296e+00
3.621479252565755758e+00
3.615395246847107558e+00
3.609321462124633673e+00
3.599619760644950706e+00
3.589939581914798339e+00
3.580280881038242047e+00
3.570643613209384615e+00
3.561027733712196497e+00
3.555071318502668110e+00
3.549124866395031219e+00
3.543188360724329300e+00
3.537261784853480862e+00
3.525998185115241323e+00
3.514758532528637680e+00
3.503542778533246693e+00
3.492350874664032823e+00
3.481182772551167481e+00
3.475385360977835791e+00
3.469597604163574545e+00
3.463819486029764416e+00
3.458050990524565105e+00
3.445231216679816910e+00
3.432437771573448870e+00
3.419670603102904494e+00
3.406929659266087373e+00
3.394214888161167121e+00
3.388587122929439754e+00
3.382968688792692191e+00
3.377359570279537149e+00
3.371759751944241046e+00
3.353260636813408802e+00
3.334760441080174331e+00
3.316259220716236022e+00
3.297757031508040892e+00
3.279253929057249994e+00
3.273658550334472395e+00
3.268072718985496117e+00
3.262496418719673663e+00
3.256929633274152192e+00
3.237098470500700209e+00
3.217270565595528709e+00
3.181780191932206403e+00
3.146290941595137447e+00
3.110802919814565026e+00
3.089590107361151805e+00
3.068384957317075390e+00
3.062853284244065222e+00
3.057331583650849005e+00
3.051819837559077264e+00
3.024776531009809588e+00
2.997639007755878993e+00
2.970407730306779293e+00
2.943083159739132704e+00
2.915665755700505457e+00
2.909697473426203107e+00
2.903741408050643180e+00
2.897797534566192823e+00
2.869962882431663420e+00
2.842049909415951259e+00
2.814059085826018602e+00
2.785990880295901473e+00
2.757845759791758944e+00
2.751527135201655483e+00
2.745222987496842570e+00
2.738933283508675043e+00
2.712782886145559402e+00
2.686564418624334483e+00
2.660278361385215007e+00
2.633925192944992943e+00
2.607505389903531867e+00
2.600894530949178662e+00
2.594300432633666276e+00
2.587723052463421602e+00
2.541767171669924608e+00
2.495593600831317094e+00
2.449203974699489805e+00
2.402599920373252651e+00
2.355783057329104313e+00
2.348150173834572918e+00
2.340542021356872393e+00
2.332958519765971239e+00
2.289830348695033102e+00
2.246541344964447795e+00
2.203093215374453795e+00
2.159487656517830700e+00
2.115726354831414913e+00
2.107380227143819340e+00
2.099067023301605772e+00
2.090786613426627749e+00
2.050781457690593612e+00
2.010665280282495804e+00
1.970439769118624174e+00
1.930106599645031284e+00
1.889667434913746558e+00
1.880881336121056124e+00
1.872136088713412860e+00
1.863431502750355184e+00
1.843198842247139702e+00
1.823093561407039376e+00
1.803114916226740805e+00
1.783262166853558872e+00
1.763534577562985595e+00
1.755499963663782470e+00
1.747501955239362914e+00
1.739540385516215037e+00
1.720951495734741377e+00
1.702478410719939550e+00
1.684120464024187358e+00
1.665876992855756411e+00
1.647747338059393440e+00
1.640394436842897319e+00
1.633074347183762542e+00
1.625786922663824852e+00
1.608929173425956760e+00
1.592175772295237879e+00
1.575526126399632298e+00
1.558979646068577418e+00
1.542535744816267762e+00
1.535796683417366637e+00
1.529087063766373378e+00
1.522406757237583896e+00
1.510245088434892580e+00
1.498183133682946089e+00
1.486220261196717907e+00
1.474355842777314241e+00
1.462589253792832666e+00
1.456430420491656275e+00
1.442697678415882923e+00
1.429200860863042211e+00
1.415938337698510185e+00
1.402908487928064440e+00
1.390109699651260522e+00
1.386759798068071703e+00
1.383510462065534075e+00
1.380361043800369059e+00
1.377310898683695495e+00
1.374359385366343611e+00
1.369886280745197249e+00
1.365427734663224868e+00
1.363989789098204009e+00
1.362644077484512772e+00
1.361390042704811121e+00
1.360227130208940372e+00
1.359154788003356762e+00
1.355166377279390710e+00
1.351189670461589776e+00
1.352480892179490191e+00
1.353846195060050883e+00
1.345584808105500185e+00
1.337179893267506303e+00
1.328632471487222189e+00
1.314687299591388303e+00
1.300539201392847177e+00
1.297405147777626500e+00
1.294365179888144368e+00
1.291418691624335091e+00
1.288565079930836577e+00
1.285803744783249325e+00
1.281618860731873921e+00
1.277447597152980840e+00
1.273289909716244894e+00
1.271948995413582528e+00
1.270694091198879550e+00
1.269524677548569347e+00
1.268440237333035014e+00
1.267434785927320506e+00
1.266429334521606220e+00
