3.836542183880805368e+00
3.819325651075590855e+00
3.802109118270378119e+00
3.784931353963763456e+00
3.767831198052224551e+00
3.750808299904394350e+00
3.733862310473043067e+00
3.732725681256829020e+00
3.731583186069948876e+00
3.730434901278453896e+00
3.729280902677368559e+00
3.728121265494287684e+00
3.711223265424059559e+00
3.694401856855565214e+00
3.677656692631857904e+00
3.660987427169504205e+00
3.657741594908209937e+00
3.654499718983723167e+00
3.651261830371724137e+00
3.648027959685100186e+00
3.644798137176599173e+00
3.628224514284713376e+00
3.611726254956301840e+00
3.595303016498234694e+00
3.578954457775677334e+00
3.575927467566293760e+00
3.572903724593657682e+00
3.569883262069013519e+00
3.566866112833725122e+00
3.563852309361957182e+00
3.547594655402042552e+00
3.531411165938670660e+00
3.515301502646734466e+00
3.499265328744503023e+00
3.461590941843224467e+00
3.423355245284495751e+00
3.384564948259364492e+00
3.345226705878280971e+00
3.305347119550635870e+00
3.286644104505166197e+00
3.268046918820166180e+00
3.249554963669536001e+00
3.231167643615581841e+00
3.192130187913384098e+00
3.152639710979997734e+00
3.112703328468604980e+00
3.072328085018475097e+00
3.031520954864514117e+00
3.011043021118412710e+00
2.990703415880263005e+00
2.970501204740550794e+00
2.950435459601702615e+00
2.910756861225079817e+00
2.870733917304103322e+00
2.830373762011169525e+00
2.789683443575933008e+00
2.748669925162256611e+00
2.727088483147274811e+00
2.705676489866454926e+00
2.684432614877025447e+00
2.663355538182313076e+00
2.651924329956542259e+00
2.640931374200718995e+00
2.630370722955991614e+00
2.620236492998765598e+00
2.610522865202701936e+00
2.591743704099827017e+00
2.573099633517104134e+00
2.554589681661993961e+00
2.536212883732685164e+00
2.525918201800390950e+00
2.516029381697680645e+00
2.506541335223928080e+00
2.497449024954323082e+00
2.488747463781977309e+00
2.472481794531343979e+00
2.456322432569826741e+00
2.440268683106480818e+00
2.424319855891295283e+00
2.415158671407962920e+00
2.406374549851806766e+00
2.397963162511069335e+00
2.389920219923217459e+00
2.382241471554015888e+00
2.368239299256624353e+00
2.354319427948191379e+00
2.340481373885718863e+00
2.326724656169523175e+00
2.314564330956601523e+00
2.302623025304356474e+00
2.290898632108629318e+00
2.279389061204924793e+00
2.268092239243537200e+00
2.255490575335467707e+00
2.242958927068959607e+00
2.230496905432681309e+00
2.218104123576672304e+00
2.206584556680136977e+00
2.195269580376725038e+00
2.184157322059285367e+00
2.173245923376923017e+00
2.162533540135629373e+00
2.151213982319768458e+00
2.139953675556789836e+00
2.128752309703194623e+00
2.117609576238897784e+00
2.106770293622416634e+00
2.096121928097004261e+00
2.085662821136919920e+00
2.075391326136226233e+00
2.065305808330486492e+00
2.055159519355265196e+00
2.045063076354210807e+00
2.035016234447530437e+00
2.025018749958459541e+00
2.020969851530942663e+00
2.017113142965204720e+00
2.013446906936631198e+00
2.009969438026669053e+00
2.006679042648767286e+00
1.997674567851159155e+00
1.988710498402217919e+00
1.979786652992956864e+00
1.970902851127968702e+00
1.967457702745329939e+00
1.964195774660178362e+00
1.961115563309272281e+00
1.958215574643962009e+00
1.955494324076251234e+00
1.947551546801597144e+00
1.939641031298330986e+00
1.931762646526408833e+00
1.923916261978039000e+00
1.921137427211240922e+00
1.918533749092679042e+00
1.916103920296781782e+00
1.913846640974833813e+00
1.911760618716723759e+00
1.904808888977166603e+00
1.897882437792831389e+00
1.868649217083611536e+00
1.838498483147151585e+00
1.812339846120452069e+00
1.785484178572046332e+00
1.757938671162379007e+00
1.752042417197277491e+00
1.746413152780133871e+00
1.736148207702292501e+00
1.725943597200655599e+00
1.715798966644871415e+00
1.705713963489009277e+00
1.696799270269401916e+00
1.688045139547781570e+00
1.679450026613228175e+00
1.671012399173230190e+00
1.662730737262142267e+00
1.653492500140188781e+00
1.644305591247881226e+00
1.635169725402329410e+00
1.626084619005138343e+00
1.617639663536658112e+00
1.614246837915301880e+00
1.611218763422285427e+00
1.608551861335082434e+00
1.606242579779629809e+00
1.603697720046845632e+00
1.600894448133519665e+00
1.598240260165746385e+00
1.595733932713896852e+00
1.593374250090241251e+00
1.591160004305059106e+00
1.584697070934744545e+00
1.578260388543361259e+00
1.571849850505347979e+00
1.569579527675247554e+00
1.567452308761250634e+00
1.565467125671391457e+00
1.563622916422333642e+00
1.561908268711415415e+00
1.560193621000497854e+00
