3.161456907644029535e+00
3.151473769884851173e+00
3.141490632125674143e+00
3.131523296409014723e+00
3.121587585100294771e+00
3.111683397861449318e+00
3.101810634672767186e+00
3.111424408828869836e+00
3.120836208371204012e+00
3.130047264554732589e+00
3.139058802694867811e+00
3.147872042193312403e+00
3.137032983566807598e+00
3.126231247039274130e+00
3.115466704099638218e+00
3.104739226679325892e+00
3.118116110261363261e+00
3.131412385101334905e+00
3.144628449587662189e+00
3.157764700314412920e+00
3.170821532088953454e+00
3.159731914828960431e+00
3.148681082347525972e+00
3.137668898998937639e+00
3.126695229611887505e+00
3.138602390127730679e+00
3.150433195060057923e+00
3.162188034732352993e+00
3.173867297665166731e+00
3.185471370583972117e+00
3.174158187787081253e+00
3.162885183692211832e+00
3.151652215604939578e+00
3.140459141337621052e+00
3.150693758648641207e+00
3.160857253056786220e+00
3.170950002538101220e+00
3.180972383274166315e+00
3.190924769660104854e+00
3.179419594871499832e+00
3.167955903056161038e+00
3.156533544643387312e+00
3.145152370601767888e+00
3.146594993334140611e+00
3.147839289729235546e+00
3.148886729933867201e+00
3.149738775842017002e+00
3.150396881136136695e+00
3.138079730431345471e+00
3.125810736262764955e+00
3.113589710352112849e+00
3.101416465157220692e+00
3.100431960368923878e+00
3.099261481879266533e+00
3.107592336616665563e+00
3.115508275910364500e+00
3.123012649375537020e+00
3.118967639227165023e+00
3.114751081425946921e+00
3.100678770956633024e+00
3.086670038576472042e+00
3.072724597042412409e+00
3.071789225499497178e+00
3.070849026646185642e+00
3.069904063326745369e+00
3.068954397915527821e+00
3.068000092319924654e+00
3.054094142892978869e+00
3.040251223265135305e+00
3.026471047748919840e+00
3.023787777849724634e+00
3.021107778581483494e+00
3.018431075551223142e+00
3.015757694066054206e+00
3.013087659135367691e+00
2.999386549575048466e+00
2.985747741688101975e+00
2.972170952176415248e+00
2.969657164286964246e+00
2.967146073090876968e+00
2.964637706168693043e+00
2.962132090793783590e+00
2.959629253934573434e+00
2.946127956999874176e+00
2.932688250556171550e+00
2.919309853638711427e+00
2.887879482238393081e+00
2.855980830596368314e+00
2.823619495946826152e+00
2.790801030406481420e+00
2.757530941291203685e+00
2.741927695756638084e+00
2.726412739810257335e+00
2.710985573873215149e+00
2.678232714559807714e+00
2.645099765397199043e+00
2.611592696497511135e+00
2.577717418391408000e+00
2.543479782539506129e+00
2.526298568473407169e+00
2.509233413563277892e+00
2.492283533829146247e+00
2.458766339932342504e+00
2.424958271436892687e+00
2.390865354700816958e+00
2.356493543484823316e+00
2.321848719693082597e+00
2.303618504761524743e+00
2.285531426087568097e+00
2.267586359823340558e+00
2.257853805728535335e+00
2.248494380684194383e+00
2.239503020585970727e+00
2.230874716445247152e+00
2.222604513845939600e+00
2.206615897622787870e+00
2.190742297745161604e+00
2.174982886826903439e+00
2.166154465060070589e+00
2.157674098671169993e+00
2.149537424166363397e+00
2.141740121595686830e+00
2.134277914160373157e+00
2.120328946197223008e+00
2.106471144293537989e+00
2.092703912616678874e+00
2.084795860976592419e+00
2.077213294878807570e+00
2.069952477723958850e+00
2.063009706793116127e+00
2.056381312970750663e+00
2.044294458721433116e+00
2.032278647738616328e+00
2.020333462449158013e+00
2.009774451146816521e+00
1.999405618147779284e+00
1.989225133818690372e+00
1.979231183235183655e+00
1.969421966073451769e+00
1.958479733090059183e+00
1.954243788970812190e+00
1.950450179580528021e+00
1.947094568020284466e+00
1.944172649919955198e+00
1.941680153219635496e+00
1.938286086264159547e+00
1.935072522987540511e+00
1.932037982119961583e+00
1.929180991765123698e+00
1.926500089347109146e+00
1.918675080120087140e+00
1.910881854317182826e+00
1.908121845975364383e+00
1.905535807606871357e+00
1.903122440743179045e+00
1.900880454341961290e+00
1.898808564749102423e+00
1.891903932526814325e+00
1.885024407599179330e+00
1.881660683092006181e+00
1.878430263209255102e+00
1.862015373319153788e+00
1.845353331266551544e+00
1.828446412645691188e+00
1.807806094174299272e+00
1.786817027451089501e+00
1.783693662040829908e+00
1.780736403827146930e+00
1.777943889682273015e+00
1.775314765104353709e+00
1.772847684168546767e+00
1.765646776385861427e+00
1.758475117067868299e+00
1.751332587413894526e+00
1.748803026237916836e+00
1.746432909395364774e+00
1.744221046833469568e+00
1.742166255305610312e+00
1.740255819387636960e+00
1.738345383469664718e+00
