3.706137680493647668e+00
3.693940853138854674e+00
3.681744025784062568e+00
3.669567321061301790e+00
3.657430888594532359e+00
3.645334595190528937e+00
3.633278308096575149e+00
3.628379719390167235e+00
3.623229620214182489e+00
3.617829826441879781e+00
3.612182144323708766e+00
3.606288370532427123e+00
3.593032467816874576e+00
3.579825290810069394e+00
3.566666660407295630e+00
3.553556398162187602e+00
3.544797221194965431e+00
3.535902731850567804e+00
3.526874082909422281e+00
3.517712420350244784e+00
3.508418883385071130e+00
3.494691709583460870e+00
3.481018245246668474e+00
3.467398280228987772e+00
3.453831605206938438e+00
3.443056450516491562e+00
3.432161104479937830e+00
3.421146711036780808e+00
3.410014406855292890e+00
3.398765321372558823e+00
3.384662137993880382e+00
3.370617475802339058e+00
3.356631091964156877e+00
3.342702744653189839e+00
3.329956762475939414e+00
3.317107016180635970e+00
3.304154623476651231e+00
3.291100694421378758e+00
3.277946331465194874e+00
3.263568060067010723e+00
3.249252857025503261e+00
3.235000445699794280e+00
3.220810550662456695e+00
3.205104977068889305e+00
3.189292129868075865e+00
3.173373301259921675e+00
3.157349773943913362e+00
3.141222821178668134e+00
3.126571627466435910e+00
3.111988769395899634e+00
3.097473928238084984e+00
3.083026786750624471e+00
3.065658453100046810e+00
3.048203052983746275e+00
3.026234856206897916e+00
3.004038746130643478e+00
2.981617510273097515e+00
2.961962490220232613e+00
2.942241989646622535e+00
2.926884147880323361e+00
2.911606470595582419e+00
2.896408539351826406e+00
2.877873938156469080e+00
2.859402932652872931e+00
2.840995365864155797e+00
2.822651080709238425e+00
2.804369920008263239e+00
2.789567726224138067e+00
2.774843662268485556e+00
2.760197315751751201e+00
2.741069575928429369e+00
2.722011287383286682e+00
2.703022251694753741e+00
2.684102270591151473e+00
2.665251145954691481e+00
2.651027380358077057e+00
2.636879523370695644e+00
2.622807169887661161e+00
2.605077083310622488e+00
2.587411646511789787e+00
2.569810676173144071e+00
2.552273989082574968e+00
2.534801402138017856e+00
2.521125566006954255e+00
2.507523514154898159e+00
2.493994848498707118e+00
2.462796342889779666e+00
2.431448023934163150e+00
2.399952630299553302e+00
2.368312874164668624e+00
2.336531441433240985e+00
2.322353822159626269e+00
2.308262229927934506e+00
2.294256142742773452e+00
2.263361453524940892e+00
2.232362625961000546e+00
2.201262257446531034e+00
2.170062916368369788e+00
2.138767142369928376e+00
2.124351034865477494e+00
2.110032097432262166e+00
2.095809675106884651e+00
2.065695611015803568e+00
2.035519036752453381e+00
2.005282341728969797e+00
1.974987884662720905e+00
1.944637993891348948e+00
1.930222474009738232e+00
1.915913815772356310e+00
1.901711227018317185e+00
1.876796414984355454e+00
1.851976538063728750e+00
1.827251580183995028e+00
1.802621520123200982e+00
1.778086331588422997e+00
1.764463489768047122e+00
1.750945019606103159e+00
1.737530121457169896e+00
1.714134929487895809e+00
1.690837085270967988e+00
1.667636490770320501e+00
1.644533043576879905e+00
1.621526636982597580e+00
1.608700232368029726e+00
1.595975285633699281e+00
1.583350994239707044e+00
1.561610542186668171e+00
1.539967495764917205e+00
1.518421692821453339e+00
1.496972967522745224e+00
1.475621150424338390e+00
1.463582088347221921e+00
1.451641248646258431e+00
1.439797829960419495e+00
1.427989915938412402e+00
1.416405653502863959e+00
1.405042236949684220e+00
1.393896891024581253e+00
1.382966870616387123e+00
1.372310581981609268e+00
1.363451395288389101e+00
1.355019536169321581e+00
1.347009422921368937e+00
1.339415531442561758e+00
1.332232394695140654e+00
1.325162960417726854e+00
1.318250022223021789e+00
1.311491919373106274e+00
1.304887005663009747e+00
1.298433649304583826e+00
1.290706883404673988e+00
1.283026098222611155e+00
1.277355108803948314e+00
1.271825569165260683e+00
1.266436042308831889e+00
1.261185103078141134e+00
1.256071338069216559e+00
1.249129256873344529e+00
1.242225543316212377e+00
1.236244317002164417e+00
1.230360686731649444e+00
1.220529839634167280e+00
1.210550980117801156e+00
1.200426216144769409e+00
1.189273304148477095e+00
1.177918992827047484e+00
1.171668416022980441e+00
1.165556208251868897e+00
1.159580901140217613e+00
1.153741039164119409e+00
1.148035179546577744e+00
1.141203410297553900e+00
1.134412295787951441e+00
1.127661594088078534e+00
1.122677317480794468e+00
1.117817362182789376e+00
1.113080465205619429e+00
1.108465373968158918e+00
1.103953910863364030e+00
1.099442447758569807e+00
