3.731449244474847049e+00
3.712123417734825903e+00
3.692797590994806090e+00
3.673522017715300958e+00
3.654347058595142084e+00
3.635272188451036168e+00
3.616296884841027737e+00
3.593155598087488301e+00
3.570093713427568538e+00
3.547111034868543289e+00
3.524207366287587462e+00
3.501382511438550171e+00
3.482901303921352998e+00
3.464517645023930559e+00
3.446231019859296918e+00
3.428040916258175308e+00
3.404285123737223362e+00
3.380615586579946097e+00
3.357032058355679638e+00
3.333534292819915201e+00
3.310122043919272006e+00
3.292456766813826707e+00
3.274885764786784392e+00
3.257408534716096149e+00
3.240024576164746595e+00
3.218122121075150499e+00
3.196299529603678469e+00
3.174556575292630800e+00
3.152893031815132918e+00
3.131308672980257057e+00
3.114414543029352611e+00
3.097611560792264296e+00
3.080899234506130124e+00
3.064277075061257349e+00
3.025944652052784178e+00
2.987428159055523835e+00
2.948730960966817971e+00
2.909856390138005455e+00
2.870807746637344060e+00
2.853388242445009215e+00
2.836074436423044798e+00
2.818865687215470039e+00
2.801761357357925863e+00
2.764032550715340264e+00
2.726176569609316758e+00
2.688196585997172150e+00
2.650095736410551961e+00
2.611877122279430807e+00
2.594272072792148887e+00
2.576785688063175872e+00
2.559417168246714169e+00
2.542165718888231396e+00
2.505638097941522702e+00
2.469034653689428982e+00
2.432358284430250706e+00
2.395611851230288636e+00
2.358798178305980819e+00
2.341312506349096711e+00
2.323956454944999361e+00
2.306729063221967024e+00
2.289629377431182000e+00
2.259632349093931847e+00
2.229749621088590317e+00
2.199981174064197464e+00
2.170326982469868327e+00
2.140787014649349729e+00
2.124385334734499864e+00
2.108109316598326899e+00
2.091957997480753395e+00
2.075930421997907338e+00
2.047978796792834011e+00
2.020143478728633646e+00
1.992424350675798150e+00
1.964821290280123423e+00
1.937334170051168369e+00
1.922009702742420112e+00
1.906806453188423678e+00
1.891723462547101331e+00
1.876759779560893016e+00
1.850990631626509675e+00
1.825336939438685357e+00
1.799798510796049467e+00
1.774375149134666652e+00
1.749066653610544142e+00
1.734796648051342149e+00
1.720643066333529481e+00
1.706604958596870558e+00
1.692681382730697459e+00
1.678799547504925105e+00
1.665180645636001655e+00
1.651821378630918158e+00
1.638718483794610714e+00
1.625868733869424654e+00
1.613340793483801772e+00
1.600909385669988971e+00
1.588573766607602744e+00
1.576333198207680253e+00
1.564424423694499744e+00
1.552747129345630750e+00
1.541298518261886352e+00
1.530075822443516254e+00
1.519076302514235310e+00
1.508059771821780748e+00
1.497123134383073317e+00
1.486265810802278597e+00
1.475487225885412146e+00
1.465417103515807229e+00
1.455551155922552464e+00
1.445887010767368475e+00
1.436422318978592294e+00
1.427154754541231974e+00
1.417451719382877950e+00
1.407814653868660004e+00
1.398243109479751167e+00
1.388736640746744300e+00
1.380228047119452794e+00
1.371893075962132613e+00
1.363729808798741505e+00
1.355736344901597112e+00
1.347910801140714154e+00
1.339318069943822964e+00
1.330780116132319613e+00
1.322296590508506009e+00
1.313867146100768268e+00
1.306895166230290783e+00
1.300077525094093689e+00
1.293412584848059987e+00
1.286898721980679339e+00
1.280534327198523226e+00
1.272914077231680041e+00
1.265339174123818688e+00
1.257809348023211760e+00
1.250324330683974638e+00
1.244797883436309371e+00
1.239409280696808890e+00
1.234157122093953785e+00
1.229040018795610534e+00
1.224056593422645722e+00
1.217291451983350870e+00
1.210563700268469045e+00
1.206484840361582211e+00
1.201854813775181885e+00
1.189619108370871592e+00
1.176846052243196494e+00
1.163543551008920707e+00
1.147107717592775966e+00
1.130746143463121856e+00
1.121520792490958041e+00
1.112370707838340467e+00
1.103295275434446943e+00
1.094293886218437928e+00
1.085319481719140722e+00
1.076515059809490138e+00
1.067878488061747122e+00
1.059407657191023588e+00
1.051100480822200645e+00
1.043001349638527975e+00
1.034964625358027135e+00
1.026989827111642217e+00
1.019076477735597841e+00
1.011377628279887864e+00
1.004940331012773580e+00
9.988173425552506757e-01
9.930045535700977588e-01
9.874978971414642981e-01
9.821398238423802995e-01
9.769281408330706684e-01
9.718318288624144818e-01
9.668496636118515397e-01
9.619804314767084197e-01
9.572229294805892907e-01
9.515266526673044067e-01
9.458642734640059224e-01
9.402355901515709879e-01
9.360797385362482625e-01
9.320275450752968371e-01
9.280779566986362417e-01
9.242299290137295786e-01
9.204683056712108513e-01
9.167066823286921240e-01
